-7235.464486414687 -1288.7804035741992
8081.684360380008 -9929.241610806
9804.611143127622 668.1827748259002
9428.676051115686 -8420.117171047166
-6417.37783148987 4763.2649950635005
-7484.607629157119 -9609.952885677618
2227.1520367504654 -3706.768468390149
-7889.18775680858 -9829.152714729804
-3099.0413219639313 -7669.525510354533
5022.126162323126 -5386.943349900044
12.769781772098213 -8006.6927255262835
7963.590238230099 557.845318967853
-7588.24998888328 5699.177478381327
1219.8095980604867 4881.893150850063
-5823.469877523544 3341.5959835407502
-3903.752256766984 -9377.24785941374
-5692.941890672567 -415.53772021483746
-4259.843388741542 4611.351457568178
-2496.8258149092935 -9059.593171816341
-7429.486379534965 -7933.180726747122
-3844.462957864991 -1550.711102282381
4810.379381686367 5323.185672329026
-3566.3368649200456 9814.8583237339
-1673.8828703741474 -4415.602898696409
2844.087463190377 -9702.701845384843
-8573.616883714092 5260.611324057589
2085.6387270740743 2229.149311601199
2619.7366590771962 -7632.199655201657
-5056.626904918704 -4635.456026825975
647.0083857856571 -5224.625844571678
4437.520461552447 7292.524363586574
9128.105897815458 9383.128559916604
5520.72387677973 328.19492177322354
-4954.7540630211315 -5803.027670151868
5126.200378703792 7827.8916322697405
8891.212997324019 8265.49900610765
353.3845131169619 -5811.996699179554
-3997.1215337523454 -5640.2620286589
1021.6998615837274 -3159.0676697234076
6150.358808156405 -4666.599934682947
2598.6605806833268 4218.4889142218835
245.13938745882842 2544.872112257175
-3631.5862157686943 -8119.272260184931
-8115.432145069472 1159.7045402689691
1152.3106932553874 -7595.678158575643
-9093.676353514269 2474.252801062319
4945.487906420782 535.6487101887051
6071.190635452254 -9027.908901540088
4805.022872468027 -239.68074888469891
-4269.209800215217 3326.293018448072
-4234.222677487798 2389.3862511585176
6765.466736307753 8198.189978054535
-2169.776730579287 4661.181956010167
-445.92892705054146 8802.16699299678
1162.488073515713 -4978.876047828767
2200.675963533211 8529.578535994271
-586.1207870081471 -6015.346169621951
7931.2258763872815 -824.3194995318008
-2552.5655217972235 8187.954193436362
4111.17547307462 9551.784923652413
-9035.736121162889 -4204.063771153168
1072.5502970976304 3686.1328811990934
-1768.678883949302 5197.00286278274
-5996.493704544979 -3839.9475457737517
3223.5288425782073 6017.314386061131
-1012.8766607130183 -6432.902514218284
1966.4728049244168 9869.66259571557
-3839.818321617692 8020.866955128495
3319.5096486141047 -9489.085255269307
2938.634945778893 -4314.198472887882
-3650.637979117666 2772.2891787310473
1103.8394948547593 7462.469183414669
-3590.7194344424197 6633.309007290023
4847.791060022626 3332.52495463185
-7636.919946562109 -7200.706834571455
-4553.710009604876 2173.639270563439
8439.717936888406 7959.961299258299
-9802.46508491311 8888.46020035525
5761.623155293901 1893.8995572552394
1868.2017488726378 9767.853738037003
5694.539713923228 -6358.79458035937
5081.173584079761 9594.339840583194
-3430.431792170365 6195.246991128781
3510.430441960978 9649.89913082403
9176.426662087044 8231.72781155485
2489.9979166960784 -5160.700572951818
6617.072698326931 -7525.931903154701
-7385.405337861901 -6760.357929820884
-9587.595606207218 6950.551168604339
9509.623718440336 6351.501498521888
1635.6894220771628 1781.0257867507844
9465.499113443213 8999.83437390297
-4944.1904372356785 2215.8217521665483
2077.6510619743112 -2729.238820189493
7699.36658490889 -1390.4387799692868
2762.609663840036 7492.023987677374
1667.7271638134625 -9074.202621373635
-2159.006529739502 -4840.689590389693
1514.8786596772388 1931.7865296421496
-7449.305996529527 1745.098614921195
